Astra Pro Plus ACRD23300SG
IR fx = 581.315
IR fy = 581.315
IR cx = 316.116
IR cy = 243.899
RGB fx = 543.415
RGB fy = 543.415
RGB cx = 320.017
RGB cy = 247.56
r00 = 0.999983
r01 = -0.00574917
r02 = 0.000500996
r10 = 0.0057485
r11 = 0.999983
r12 = 0.00133351
r20 = -0.000508654
r21 = -0.0013306
r22 = 0.999999
t1 = -25.1902
t2 = -0.181308
t3 = -2.39709
k1 = -0.091794
k2 = 0.162805
p1 = 0.000993797
p2 = 0.00410993
k3 = -0.0689322
